  31248             0
  41664             0
  52080     173117483
  62496    1687900852
  72912    2170226564
  83328   12244148881
  93744   11908417954
 104160   38314657427
 114576   38115570248
 124992   79514247755
 135408   79452805904
 145824  113303473403
 156240  113993746478
 166656  118594481741
 177072  118542718567
 187488  103173612790
 197904  102984313874
 208320  103495881981
 218736  103485153270
 229152  133088773187
 239568  133067607619
 249984  162982240141
 260400  162980542335
 270816  163060585415
 281232  163315872761
 291648  139541624386
 302064  139590407066
 312480  120300584504
 322896  119599979521
 333312  118896016998
 343728  118882787422
 354144  123043743091
 364560  123338477000
 374976  104080627635
 385392  104390519590
 395808   58974863919
 406224   58512577234
 416640   21449074810
 427056   21311997504
 437472   22810390371
 447888   22881756725
 458304   45181321845
 468720   45676341894
 479136   54459259255
 489552   54099185762
 499968   47830086269
 510384   47729230641
 520800   52234180700
 531216   52102094109
 541632   70092260455
 552048   70763588375
 562464   83056213135
 572880   83003659505
 583296   84797864886
 593712   84675550812
 604128   96913131940
 614544   96886966904
 624960  129165598966
 635376  129102280908
 645792  160565755228
 656208  160554878162
 666624  167137878629
 677040  167457343360
 687456  151104713236
 697872  151148588589
 708288  133605837074
 718704  132903407409
 729120  128943565646
 739536  128852350523
 749952  129012524365
 760368  129399465876
 770784  107051595436
 781200  107334491957
 791616   58708169538
 802032   58272968504
 812448   18981160210
 822864   18877152475
 833280   21333856186
 843696   21307091840
 854112   47289615585
 864528   47789764707
 874944   60177372496
 885360   59794776044
 895776   53418312402
 906192   53417397870
 916608   53540436793
 927024   53342399194
 937440   66103211797
 947856   66746958803
 958272   77507173240
 968688   77456259148
 979104   80890280489
 989520   80835127715
 999936   93661076489
1010352   93616730271
1020768  124276009934
1031184  124171073531
1041600  155221391444
1052016  155204789915
1062432  164127009136
1072848  164508039022
1083264  150534579211
1093680  150571904018
1104096  133420879617
1114512  132724944375
1124928  129274599616
1135344  129194070454
1145760  132247131992
1156176  132630782130
1166592  114606061060
1177008  114861159110
1187424   69494309172
1197840   69092867831
1208256   30734854858
1218672   30660817079
1229088   32123763874
1239504   32003261966
1249920   56299833168
1260336   56797405231
1270752   67600122098
1281168   67197125636
1291584   57377376346
1302000   57477224408
1312416   51150684136
1322832   50892004273
1333248   57119857192
1343664   57727449124
1354080   66614836735
1364496   66568206286
1374912   72428527443
1385328   72439895318
1395744   87453017887
1406160   87388035397
1416576  118258653290
1426992  118112982849
1437408  150207147997
1447824  150188452281
1458240  162173510030
1468656  162612713107
1479072  151092102877
1489488  151121534915
1499904  134122188810
1510320  133440799067
1520736  130145521960
1531152  130090906263
1541568  135750705386
1551984  136109002868
1562400  122451557284
1572816  122678417295
1583232   81040155051
1593648   80678704045
1604064   43551668095
1614480   43504406625
1624896   43489363658
1635312   43280242874
1645728   65019615029
1656144   65506844170
1666560   74268689727
1676976   73847696778
1687392   60702763614
1697808   60903303245
1708224   48318187452
1718640   48004731044
1729056   47690412644
1739472   48253420847
1749888   55202537693
1760304   55163020904
1770720   63548497530
1781136   63624939261
1791552   80998226878
1801968   80910464706
1812384  112008513051
1822800  111823334190
1833216  144738244971
1843632  144721226928
1854048  159438298920
1864464  159931532759
1874880  150629844970
1885296  150650357190
1895712  133793188360
1906128  133134050212
1916544  130152791205
1926960  130120259701
1937376  138560127356
1947792  138890129004
1958208  129784704024
1968624  129983256429
1979040   92269513620
1989456   91953773785
1999872   56134558933
2010288   56110821745
2020704   54522331312
2031120   54230382105
2041536   73404502424
2051952   73873644819
2062368   80814860738
2072784   80378529952
2083200   64186607130
2093616   64486878644
2104032   45678630549
2114448   45316756831
2124864   38252575219
2135280   38762799442
2145696   43552210972
2156112   43522793491
2166528   54408209260
2176944   54547490892
2187360   74330346530
2197776   74217991758
2208192  105415713331
2218608  105192580715
2229024  138575109190
2239440  138563646836
2249856  155644022784
2260272  156186431294
2270688  148948605276
2281104  148959496649
2291520  132367524170
2301936  131737925474
2312352  129326828321
2322768  129312463142
2333184  140731495832
2343600  141030475112
2354016  136636766184
2364432  136807314346
2374848  103178666343
2385264  102913787355
2395680   68459827479
2406096   68456340136
2416512   65195363584
2426928   64826988296
2437344   81418389718
2447760   81861805185
2458176   87179586776
2468592   86730804055
2479008   67766290214
2489424   68164457410
2499840   43209351526
2510256   42805844988
2520672   28845376483