  31248      0
  41664      0
  52080    572
  62496    936
  72912   2542
  83328   3564
  93744   2442
 104160   4900
 114576   4240
 124992  19330
 135408  19121
 145824  34480
 156240  36779
 166656  30534
 177072  30358
 187488  15609
 197904  14982
 208320  22853
 218736  22820
 229152  48099
 239568  48022
 249984  53671
 260400  53671
 270816  44480
 281232  45327
 291648  42835
 302064  43000
 312480  44220
 322896  41888
 333312  44099
 343728  44055
 354144  54073
 364560  55052
 374976  49263
 385392  50297
 395808  24625
 406224  23085
 416640  14633
 427056  14182
 437472  31640
 447888  31871
 458304  39526
 468720  41176
 479136  25319
 489552  24120
 499968  11470
 510384  11140
 520800  21883
 531216  21443
 541632  34899
 552048  37132
 562464  30203
 572880  30027
 583296  16712
 593712  16305
 604128  22800
 614544  22712
 624960  45908
 635376  45699
 645792  52251
 656208  52207
 666624  45406
 677040  46473
 687456  43701
 697872  43844
 708288  42911
 718704  40579
 729120  42910
 739536  42602
 749952  54811
 760368  56098
 770784  51332
 781200  52278
 791616  24804
 802032  23352
 812448  13712
 822864  13371
 833280  32709
 843696  32621
 854112  41231
 864528  42892
 874944  28012
 885360  26736
 895776  13958
 906192  13958
 916608  22151
 927024  21491
 937440  32706
 947856  34851
 958272  29026
 968688  28850
 979104  17605
 989520  17429
 999936  22561
1010352  22407
1020768  43287
1031184  42946
1041600  50340
1052016  50274
1062432  45950
1072848  47226
1083264  44098
1093680  44219
1104096  41172
1114512  38862
1124928  41527
1135344  41252
1145760  55840
1156176  57116
1166592  53220
1177008  54067
1187424  26699
1197840  25368
1208256  16358
1218672  16116
1229088  35219
1239504  34812
1249920  42678
1260336  44339
1270752  30899
1281168  29557
1291584  16808
1302000  17138
1312416  22333
1322832  21475
1333248  30407
1343664  32420
1354080  27763
1364496  27609
1374912  18620
1385328  18664
1395744  22429
1406160  22209
1416576  40505
1426992  40021
1437408  48210
1447824  48144
1458240  46320
1468656  47783
1479072  44157
1489488  44256
1499904  39060
1510320  36794
1520736  39893
1531152  39717
1541568  56583
1551984  57771
1562400  54689
1572816  55437
1583232  28798
1593648  27599
1604064  19691
1614480  19537
1624896  37853
1635312  37160
1645728  43951
1656144  45568
1666560  33670
1676976  32273
1687392  19694
1697808  20354
1708224  22550
1718640  21516
1729056  27922
1739472  29792
1749888  26183
1760304  26051
1770720  19511
1781136  19764
1791552  22353
1801968  22056
1812384  37719
1822800  37103
1833216  45983
1843632  45928
1854048  46437
1864464  48076
1874880  43833
1885296  43910
1895712  36681
1906128  34481
1916544  38148
1926960  38049
1937376  57095
1947792  58184
1958208  55966
1968624  56626
1979040  30873
1989456  29828
1999872  22847
2010288  22770
2020704  40093
2031120  39114
2041536  45032
2051952  46594
2062368  36493
2072784  35041
2083200  22598
2093616  23599
2104032  22677
2114448  21478
2124864  25263
2135280  26957
2145696  24390
2156112  24291
2166528  20384
2176944  20846
2187360  22257
2197776  21883
2208192  34643
2218608  33906
2229024  43435
2239440  43391
2249856  46312
2260272  48116
2270688  43300
2281104  43333
2291520  34158
2301936  32068
2312352  36342
2322768  36298
2333184  57261
2343600  58251
2354016  56833
2364432  57405
2374848  32813
2385264  31933
2395680  25869
2406096  25858
2416512  42034
2426928  40802
2437344  45935
2447760  47409
2458176  39180
2468592  37695
2479008  25497
2489424  26817
2499840  22900
2510256  21558
2520672  22667